4 0.380567646875 0.4092882359375 0.3612558828125 0.4092882359375 0.3612558828125 0.42901764687500005 0.380567646875 0.42901764687500005 0.380567646875 0.4092882359375
4 0.1252441171875 0.2129117640625 0.09661470625 0.2129117640625 0.09661470625 0.238852940625 0.1252441171875 0.238852940625 0.1252441171875 0.2129117640625
4 0.3793 0.21917058749999999 0.35335882343749997 0.21917058749999999 0.35335882343749997 0.23974705937500002 0.3793 0.23974705937500002 0.3793 0.21917058749999999
4 0.6575176468749999 0.217382353125 0.630682353125 0.217382353125 0.630682353125 0.23974705937500002 0.6575176468749999 0.23974705937500002 0.6575176468749999 0.217382353125
4 0.8972705875000001 0.2129117640625 0.878482353125 0.2129117640625 0.878482353125 0.234382353125 0.8972705875000001 0.234382353125 0.8972705875000001 0.2129117640625
4 0.9124764703125001 0.5689588234375 0.8927941171875 0.5689588234375 0.8927941171875 0.5966882359375 0.9124764703125001 0.5966882359375 0.9124764703125001 0.5689588234375
4 0.89816470625 0.717452940625 0.8802705874999999 0.717452940625 0.8802705874999999 0.7380294125 0.89816470625 0.7380294125 0.89816470625 0.717452940625
4 0.11718823593750001 0.7129823531249999 0.091247059375 0.7129823531249999 0.091247059375 0.735347059375 0.11718823593750001 0.735347059375 0.11718823593750001 0.7129823531249999
4 0.10645294062499999 0.569847059375 0.0787235296875 0.569847059375 0.0787235296875 0.5922117640625 0.10645294062499999 0.5922117640625 0.10645294062499999 0.569847059375
4 0.5081235296875 0.78186470625 0.4839705875 0.78186470625 0.4839705875 0.8006529406249999 0.5081235296875 0.8006529406249999 0.5081235296875 0.78186470625
4 0.0615941171875 0.38943529374999997 0.03526470625 0.38943529374999997 0.03526470625 0.4112941171875 0.0615941171875 0.4112941171875 0.0615941171875 0.38943529374999997
4 0.0606 0.2563117640625 0.0362588234375 0.2563117640625 0.0362588234375 0.280652940625 0.0606 0.280652940625 0.0606 0.2563117640625