6 0.15587370312499998 0.5759000578125 0.08994809687500001 0.5759000578125 0.08994809687500001 0.6309605421875 0.15587370312499998 0.6309605421875 0.15587370312499998 0.5759000578125
6 0.35811851250000004 0.43080933125 0.29219290625 0.43080933125 0.29219290625 0.5334879031249999 0.35811851250000004 0.5334879031249999 0.35811851250000004 0.43080933125
6 0.091625215625 0.4724769578125 0.053076340624999996 0.4724769578125 0.053076340624999996 0.5000057609375 0.091625215625 0.5000057609375 0.091625215625 0.4724769578125
6 0.22962045781249998 0.21280097968749997 0.19833369375 0.21280097968749997 0.19833369375 0.2514904953125 0.22962045781249998 0.2514904953125 0.22962045781249998 0.21280097968749997
6 0.5295955875 0.410640840625 0.49462153906250006 0.410640840625 0.49462153906250006 0.4505630765625 0.5295955875 0.4505630765625 0.5295955875 0.410640840625
6 0.773690528125 0.6216949890625 0.737191825 0.6216949890625 0.737191825 0.684376440625 0.773690528125 0.684376440625 0.773690528125 0.6216949890625
5 0.4552811421875 0.27886664687499996 0.4250259515625 0.27886664687499996 0.4250259515625 0.34602390625 0.4552811421875 0.34602390625 0.4552811421875 0.27886664687499996
5 0.775612025 0.4470823734375 0.63969939375 0.4470823734375 0.63969939375 0.5890754609375 0.775612025 0.5890754609375 0.775612025 0.4470823734375
5 0.9259331749999999 0.6101828921875 0.880308175 0.6101828921875 0.880308175 0.693970334375 0.9259331749999999 0.693970334375 0.9259331749999999 0.6101828921875
5 0.89135380625 0.5321486171875 0.8486115921874999 0.5321486171875 0.8486115921874999 0.5845967734374999 0.89135380625 0.5845967734374999 0.89135380625 0.5321486171875
5 0.9081628453124999 0.486738190625 0.8183553203124999 0.486738190625 0.8183553203124999 0.528953053125 0.9081628453124999 0.528953053125 0.9081628453124999 0.486738190625
5 0.5676632781250001 0.337070853125 0.46680903906250004 0.337070853125 0.46680903906250004 0.393994815625 0.5676632781250001 0.393994815625 0.5676632781250001 0.337070853125
5 0.3808412625 0.35369959687499997 0.3510661765625 0.35369959687499997 0.3510661765625 0.382481278125 0.3808412625 0.382481278125 0.3808412625 0.35369959687499997