5 0.7093425609375 0.096486175 0.6228373703125001 0.096486175 0.6228373703125001 0.1972926265625 0.7093425609375 0.1972926265625 0.7093425609375 0.096486175
5 0.507136678125 0.20161290312500002 0.4606401390625 0.20161290312500002 0.4606401390625 0.26065668125 0.507136678125 0.26065668125 0.507136678125 0.20161290312500002
5 0.3865311421875 0.1135512671875 0.2461764703125 0.1135512671875 0.2461764703125 0.282727534375 0.3865311421875 0.282727534375 0.3865311421875 0.1135512671875
5 0.22707612500000002 0.1540898625 0.16976643593750002 0.1540898625 0.16976643593750002 0.2347350234375 0.22707612500000002 0.2347350234375 0.22707612500000002 0.1540898625
5 0.623918684375 0.7099654375 0.4682093421875 0.7099654375 0.4682093421875 0.7934907828125 0.623918684375 0.7934907828125 0.623918684375 0.7099654375
5 0.8185553640625001 0.42626728125 0.7861159171875001 0.42626728125 0.7861159171875001 0.47811059843750003 0.8185553640625001 0.47811059843750003 0.8185553640625001 0.42626728125
5 0.6628460203125 0.2318548390625 0.6055363328125 0.2318548390625 0.6055363328125 0.3052995390625 0.6628460203125 0.3052995390625 0.6628460203125 0.2318548390625
5 0.5363321796875 0.35282258125 0.4336072671875 0.35282258125 0.4336072671875 0.4622695859375 0.5363321796875 0.4622695859375 0.5363321796875 0.35282258125
5 0.6444636671875 0.383064515625 0.6174307953125 0.383064515625 0.6174307953125 0.42626728125 0.6444636671875 0.42626728125 0.6444636671875 0.383064515625
5 0.6952854671875001 0.56883640625 0.6271626296874999 0.56883640625 0.6271626296874999 0.6091589859375001 0.6952854671875001 0.6091589859375001 0.6952854671875001 0.56883640625
0 0.35869593437499997 0.5164472921875001 0.342644896875 0.5164472921875001 0.342644896875 0.5800388828124999 0.35869593437499997 0.5800388828124999 0.35869593437499997 0.5164472921875001
5 0.5817474046875 0.440668203125 0.552551903125 0.440668203125 0.552551903125 0.5443548390624999 0.5817474046875 0.5443548390624999 0.5817474046875 0.440668203125
5 0.180579584375 0.560195853125 0.1416522484375 0.560195853125 0.1416522484375 0.627880184375 0.180579584375 0.627880184375 0.180579584375 0.560195853125
5 0.29844290625 0.417626728125 0.23897058750000003 0.417626728125 0.23897058750000003 0.4723502296875 0.29844290625 0.4723502296875 0.29844290625 0.417626728125
5 0.24113321875 0.5040322578125 0.21410034531250002 0.5040322578125 0.21410034531250002 0.548675115625 0.24113321875 0.548675115625 0.24113321875 0.5040322578125
0 0.31141868437500003 0.5270737328124999 0.2746539796875 0.5270737328124999 0.2746539796875 0.5659562218749999 0.31141868437500003 0.5659562218749999 0.31141868437500003 0.5270737328124999
5 0.45739619375 0.56883640625 0.43901384062500004 0.56883640625 0.43901384062500004 0.6192396312499999 0.45739619375 0.6192396312499999 0.45739619375 0.56883640625
0 0.4129087375 0.6472407828125 0.383189878125 0.6472407828125 0.383189878125 0.6744930874999999 0.4129087375 0.6744930874999999 0.4129087375 0.6472407828125
0 0.326917171875 0.5901396890624999 0.2940300609375 0.5901396890624999 0.2940300609375 0.625828053125 0.326917171875 0.625828053125 0.326917171875 0.5901396890624999
0 0.6425486593749999 0.63041330625 0.607031790625 0.63041330625 0.607031790625 0.690185771875 0.6425486593749999 0.690185771875 0.6425486593749999 0.63041330625
0 0.6031563578125 0.6837355984375 0.5479422578124999 0.6837355984375 0.5479422578124999 0.709536290625 0.6031563578125 0.709536290625 0.6031563578125 0.6837355984375
0 0.7901092125 0.63385080625 0.772027465625 0.63385080625 0.772027465625 0.669974078125 0.7901092125 0.669974078125 0.7901092125 0.63385080625
0 0.7907536765625001 0.5792410718750001 0.7697653546875001 0.5792410718750001 0.7697653546875001 0.6166517859375 0.7907536765625001 0.6166517859375 0.7907536765625001 0.5792410718750001
0 0.7636310546875 0.6519138828125 0.7394139265625 0.6519138828125 0.7394139265625 0.6944858875000001 0.7636310546875 0.6944858875000001 0.7636310546875 0.6519138828125
0 0.8194907 0.7052347343750001 0.8023778109374999 0.7052347343750001 0.8023778109374999 0.7331869234374999 0.8194907 0.7331869234374999 0.8194907 0.7052347343750001
0 0.8662186421875001 0.6429507484375 0.8488851640625 0.6429507484375 0.8488851640625 0.6860008640624999 0.8662186421875001 0.6860008640624999 0.8662186421875001 0.6429507484375
0 0.8973745671875 0.6289127296875 0.8793382359375 0.6289127296875 0.8793382359375 0.6557416468749999 0.8973745671875 0.6557416468749999 0.8973745671875 0.6289127296875
0 0.782128028125 0.15130040312499998 0.7533174734375 0.15130040312499998 0.7533174734375 0.1765682609375 0.782128028125 0.1765682609375 0.782128028125 0.15130040312499998
0 0.8662748703125001 0.25737327187500003 0.8561126734375 0.25737327187500003 0.8561126734375 0.27235599062500004 0.8662748703125001 0.27235599062500004 0.8662748703125001 0.25737327187500003
0 0.335373053125 0.22584677343749998 0.317455665625 0.22584677343749998 0.317455665625 0.24264977031249998 0.335373053125 0.24264977031249998 0.335373053125 0.22584677343749998
0 0.36363538125 0.228869528125 0.3540462796875 0.228869528125 0.3540462796875 0.24197724687500002 0.36363538125 0.24197724687500002 0.36363538125 0.228869528125
0 0.22426795 0.38323588750000004 0.2142830875 0.38323588750000004 0.2142830875 0.39516849062500004 0.22426795 0.39516849062500004 0.22426795 0.38323588750000004
5 0.44427119375 0.107752015625 0.4038170421875 0.107752015625 0.4038170421875 0.1953009796875 0.44427119375 0.1953009796875 0.44427119375 0.107752015625
5 0.6118641874999999 0.0880299546875 0.46052335624999996 0.0880299546875 0.46052335624999996 0.17124999999999999 0.6118641874999999 0.17124999999999999 0.6118641874999999 0.0880299546875
5 0.334529628125 0.7238882484375 0.173069853125 0.7238882484375 0.173069853125 0.7982661296875 0.334529628125 0.7982661296875 0.334529628125 0.7238882484375