0 0.7702270765625 0.936925403125 0.646926903125 0.936925403125 0.646926903125 0.999998559375 0.7702270765625 0.999998559375 0.7702270765625 0.936925403125
5 0.22032547500000002 0.7232430875 0.084229021875 0.7232430875 0.084229021875 0.8200691250000001 0.22032547500000002 0.8200691250000001 0.22032547500000002 0.7232430875
5 0.3954346890625 0.71734015 0.33514489687500004 0.71734015 0.33514489687500004 0.847227821875 0.3954346890625 0.847227821875 0.3954346890625 0.71734015
0 0.4353341265625 0.8430961984374999 0.391002378125 0.8430961984374999 0.391002378125 0.8779291468749999 0.4353341265625 0.8779291468749999 0.4353341265625 0.8430961984374999
5 0.427354021875 0.6594801265625 0.387455665625 0.6594801265625 0.387455665625 0.735640840625 0.427354021875 0.735640840625 0.427354021875 0.6594801265625
3 0.6310229234375 0.6629176265625001 0.6117538921875 0.6629176265625001 0.6117538921875 0.6860512671875 0.6310229234375 0.6860512671875 0.6310229234375 0.6629176265625001
3 0.6274935125 0.6415913015625 0.6166371109375001 0.6415913015625 0.6166371109375001 0.6553269015625001 0.6274935125 0.6553269015625001 0.6274935125 0.6415913015625
3 0.5998107703125 0.6448444703125 0.55584234375 0.6448444703125 0.55584234375 0.6752073734375 0.5998107703125 0.6752073734375 0.5998107703125 0.6448444703125
3 0.7018598609375 0.6701468890625 0.6641349484375 0.6701468890625 0.6641349484375 0.71496831875 0.7018598609375 0.71496831875 0.7018598609375 0.6701468890625
3 0.746098615625 0.6618332375 0.706202421875 0.6618332375 0.706202421875 0.727256625 0.746098615625 0.727256625 0.746098615625 0.6618332375
3 0.5083466703124999 0.5476123265624999 0.4882623265625 0.5476123265624999 0.4882623265625 0.5674913593750001 0.5083466703124999 0.5674913593750001 0.5083466703124999 0.5476123265624999
3 0.483376946875 0.5396601375000001 0.4559656140625 0.5396601375000001 0.4559656140625 0.5667684328125 0.483376946875 0.5667684328125 0.483376946875 0.5396601375000001
3 0.6231520328125 0.535685484375 0.5729422578125 0.535685484375 0.5729422578125 0.565685484375 0.6231520328125 0.565685484375 0.6231520328125 0.535685484375
3 0.420263840625 0.5968807609375 0.332543253125 0.5968807609375 0.332543253125 0.6418404375 0.420263840625 0.6418404375 0.420263840625 0.5968807609375
3 0.42531574375 0.58271889375 0.3958088234375 0.58271889375 0.3958088234375 0.6057315671875 0.42531574375 0.6057315671875 0.42531574375 0.58271889375